   0.0000000e+00   5.0000000e+02   0.0000000e+00   7.9677939e+02   1.6416811e+02
   1.0000000e+02   5.0000000e+02   0.0000000e+00   8.1161351e+02   2.7429934e+02
   2.0000000e+02   5.0000000e+02   0.0000000e+00   8.2703755e+02   3.9031592e+02
   3.0000000e+02   5.0000000e+02   0.0000000e+00   8.4355917e+02   5.1399804e+02
   4.0000000e+02   5.0000000e+02   0.0000000e+00   8.6156450e+02   6.4572265e+02
   5.0000000e+02   5.0000000e+02   0.0000000e+00   8.8047766e+02   7.8562331e+02
   0.0000000e+00   4.0000000e+02   0.0000000e+00   6.8679626e+02   2.0556455e+02
   1.0000000e+02   4.0000000e+02   0.0000000e+00   6.9750975e+02   3.1167692e+02
   2.0000000e+02   4.0000000e+02   0.0000000e+00   7.0847800e+02   4.2245161e+02
   3.0000000e+02   4.0000000e+02   0.0000000e+00   7.2054124e+02   5.3981365e+02
   4.0000000e+02   4.0000000e+02   0.0000000e+00   7.3407582e+02   6.6445050e+02
   5.0000000e+02   4.0000000e+02   0.0000000e+00   7.4847584e+02   7.9790484e+02
   0.0000000e+00   3.0000000e+02   0.0000000e+00   5.8811249e+02   2.4327212e+02
   1.0000000e+02   3.0000000e+02   0.0000000e+00   5.9557179e+02   3.4525096e+02
   2.0000000e+02   3.0000000e+02   0.0000000e+00   6.0348610e+02   4.5094598e+02
   3.0000000e+02   3.0000000e+02   0.0000000e+00   6.1212183e+02   5.6247700e+02
   4.0000000e+02   3.0000000e+02   0.0000000e+00   6.2149459e+02   6.8119922e+02
   5.0000000e+02   3.0000000e+02   0.0000000e+00   6.3158559e+02   8.0793662e+02
   0.0000000e+00   2.0000000e+02   0.0000000e+00   4.9761104e+02   2.7736551e+02
   1.0000000e+02   2.0000000e+02   0.0000000e+00   5.0292269e+02   3.7539924e+02
   2.0000000e+02   2.0000000e+02   0.0000000e+00   5.0840143e+02   4.7649651e+02
   3.0000000e+02   2.0000000e+02   0.0000000e+00   5.1406503e+02   5.8321902e+02
   4.0000000e+02   2.0000000e+02   0.0000000e+00   5.1999559e+02   6.9645985e+02
   5.0000000e+02   2.0000000e+02   0.0000000e+00   5.2628142e+02   8.1734936e+02
   0.0000000e+00   1.0000000e+02   0.0000000e+00   4.1506129e+02   3.0816011e+02
   1.0000000e+02   1.0000000e+02   0.0000000e+00   4.1851968e+02   4.0239786e+02
   2.0000000e+02   1.0000000e+02   0.0000000e+00   4.2182236e+02   4.9959027e+02
   3.0000000e+02   1.0000000e+02   0.0000000e+00   4.2507056e+02   6.0201021e+02
   4.0000000e+02   1.0000000e+02   0.0000000e+00   4.2791617e+02   7.1073863e+02
   5.0000000e+02   1.0000000e+02   0.0000000e+00   4.3093849e+02   8.2611697e+02
   0.0000000e+00   0.0000000e+00   0.0000000e+00   3.3941730e+02   3.3609367e+02
   1.0000000e+02   0.0000000e+00   0.0000000e+00   3.4083024e+02   4.2694324e+02
   2.0000000e+02   0.0000000e+00   0.0000000e+00   3.4206396e+02   5.2063984e+02
   3.0000000e+02   0.0000000e+00   0.0000000e+00   3.4307784e+02   6.1961204e+02
   4.0000000e+02   0.0000000e+00   0.0000000e+00   3.4359156e+02   7.2400978e+02
   5.0000000e+02   0.0000000e+00   0.0000000e+00   3.4442015e+02   8.3425362e+02
