   0.0000000e+00   5.0000000e+02   0.0000000e+00   8.9199676e+02   2.1761213e+02
   1.0000000e+02   5.0000000e+02   0.0000000e+00   8.7448111e+02   3.3682242e+02
   2.0000000e+02   5.0000000e+02   0.0000000e+00   8.5860639e+02   4.4228235e+02
   3.0000000e+02   5.0000000e+02   0.0000000e+00   8.4450950e+02   5.3673938e+02
   4.0000000e+02   5.0000000e+02   0.0000000e+00   8.3212109e+02   6.2162897e+02
   5.0000000e+02   5.0000000e+02   0.0000000e+00   8.2080946e+02   6.9841669e+02
   0.0000000e+00   4.0000000e+02   0.0000000e+00   7.6206094e+02   2.2483442e+02
   1.0000000e+02   4.0000000e+02   0.0000000e+00   7.5160339e+02   3.4480180e+02
   2.0000000e+02   4.0000000e+02   0.0000000e+00   7.4235117e+02   4.5007349e+02
   3.0000000e+02   4.0000000e+02   0.0000000e+00   7.3433389e+02   5.4432285e+02
   4.0000000e+02   4.0000000e+02   0.0000000e+00   7.2750326e+02   6.2879520e+02
   5.0000000e+02   4.0000000e+02   0.0000000e+00   7.2160340e+02   7.0585966e+02
   0.0000000e+00   3.0000000e+02   0.0000000e+00   6.3133686e+02   2.3261077e+02
   1.0000000e+02   3.0000000e+02   0.0000000e+00   6.2881663e+02   3.5305592e+02
   2.0000000e+02   3.0000000e+02   0.0000000e+00   6.2666982e+02   4.5797304e+02
   3.0000000e+02   3.0000000e+02   0.0000000e+00   6.2514167e+02   5.5171905e+02
   4.0000000e+02   3.0000000e+02   0.0000000e+00   6.2370123e+02   6.3612372e+02
   5.0000000e+02   3.0000000e+02   0.0000000e+00   6.2256960e+02   7.1301459e+02
   0.0000000e+00   2.0000000e+02   0.0000000e+00   4.9861742e+02   2.4025831e+02
   1.0000000e+02   2.0000000e+02   0.0000000e+00   5.0482716e+02   3.6074402e+02
   2.0000000e+02   2.0000000e+02   0.0000000e+00   5.1022843e+02   4.6566509e+02
   3.0000000e+02   2.0000000e+02   0.0000000e+00   5.1488180e+02   5.5931818e+02
   4.0000000e+02   2.0000000e+02   0.0000000e+00   5.1895902e+02   6.4361318e+02
   5.0000000e+02   2.0000000e+02   0.0000000e+00   5.2262137e+02   7.2056716e+02
   0.0000000e+00   1.0000000e+02   0.0000000e+00   3.6424518e+02   2.4730974e+02
   1.0000000e+02   1.0000000e+02   0.0000000e+00   3.7916270e+02   3.6795909e+02
   2.0000000e+02   1.0000000e+02   0.0000000e+00   3.9201780e+02   4.7309745e+02
   3.0000000e+02   1.0000000e+02   0.0000000e+00   4.0328040e+02   5.6724734e+02
   4.0000000e+02   1.0000000e+02   0.0000000e+00   4.1281357e+02   6.5180237e+02
   5.0000000e+02   1.0000000e+02   0.0000000e+00   4.2139942e+02   7.2867520e+02
   0.0000000e+00   0.0000000e+00   0.0000000e+00   2.2850094e+02   2.5464701e+02
   1.0000000e+02   0.0000000e+00   0.0000000e+00   2.5145010e+02   3.7508384e+02
   2.0000000e+02   0.0000000e+00   0.0000000e+00   2.7116968e+02   4.8073088e+02
   3.0000000e+02   0.0000000e+00   0.0000000e+00   2.8916696e+02   5.7541981e+02
   4.0000000e+02   0.0000000e+00   0.0000000e+00   3.0486732e+02   6.6039490e+02
   5.0000000e+02   0.0000000e+00   0.0000000e+00   3.1890431e+02   7.3728645e+02
