   0.0000000e+00   5.0000000e+02   0.0000000e+00   8.6671902e+02   3.7107114e+02
   1.0000000e+02   5.0000000e+02   0.0000000e+00   8.7631657e+02   4.6544110e+02
   2.0000000e+02   5.0000000e+02   0.0000000e+00   8.8675199e+02   5.6515551e+02
   3.0000000e+02   5.0000000e+02   0.0000000e+00   8.9811398e+02   6.7269942e+02
   4.0000000e+02   5.0000000e+02   0.0000000e+00   9.0972429e+02   7.8772893e+02
   5.0000000e+02   5.0000000e+02   0.0000000e+00   9.2212158e+02   9.1057328e+02
   0.0000000e+00   4.0000000e+02   0.0000000e+00   7.9039247e+02   3.4243731e+02
   1.0000000e+02   4.0000000e+02   0.0000000e+00   7.9750368e+02   4.3980126e+02
   2.0000000e+02   4.0000000e+02   0.0000000e+00   8.0549832e+02   5.4337311e+02
   3.0000000e+02   4.0000000e+02   0.0000000e+00   8.1471962e+02   6.5537151e+02
   4.0000000e+02   4.0000000e+02   0.0000000e+00   8.2461844e+02   7.7593119e+02
   5.0000000e+02   4.0000000e+02   0.0000000e+00   8.3462011e+02   9.0566550e+02
   0.0000000e+00   3.0000000e+02   0.0000000e+00   7.0753954e+02   3.1136244e+02
   1.0000000e+02   3.0000000e+02   0.0000000e+00   7.1232460e+02   4.1268339e+02
   2.0000000e+02   3.0000000e+02   0.0000000e+00   7.1735871e+02   5.1968810e+02
   3.0000000e+02   3.0000000e+02   0.0000000e+00   7.2346514e+02   6.3607578e+02
   4.0000000e+02   3.0000000e+02   0.0000000e+00   7.3059377e+02   7.6248054e+02
   5.0000000e+02   3.0000000e+02   0.0000000e+00   7.3767494e+02   8.9954519e+02
   0.0000000e+00   2.0000000e+02   0.0000000e+00   6.1669041e+02   2.7687833e+02
   1.0000000e+02   2.0000000e+02   0.0000000e+00   6.1814945e+02   3.8220405e+02
   2.0000000e+02   2.0000000e+02   0.0000000e+00   6.2007701e+02   4.9378035e+02
   3.0000000e+02   2.0000000e+02   0.0000000e+00   6.2234292e+02   6.1454544e+02
   4.0000000e+02   2.0000000e+02   0.0000000e+00   6.2526410e+02   7.4728069e+02
   5.0000000e+02   2.0000000e+02   0.0000000e+00   6.2807505e+02   8.9235196e+02
   0.0000000e+00   1.0000000e+02   0.0000000e+00   5.1625662e+02   2.3819271e+02
   1.0000000e+02   1.0000000e+02   0.0000000e+00   5.1452762e+02   3.4802120e+02
   2.0000000e+02   1.0000000e+02   0.0000000e+00   5.1248847e+02   4.6457037e+02
   3.0000000e+02   1.0000000e+02   0.0000000e+00   5.1034519e+02   5.9118671e+02
   4.0000000e+02   1.0000000e+02   0.0000000e+00   5.0766496e+02   7.3035269e+02
   5.0000000e+02   1.0000000e+02   0.0000000e+00   5.0466273e+02   8.8418202e+02
   0.0000000e+00   0.0000000e+00   0.0000000e+00   4.0527567e+02   1.9525696e+02
   1.0000000e+02   0.0000000e+00   0.0000000e+00   3.9884471e+02   3.0934125e+02
   2.0000000e+02   0.0000000e+00   0.0000000e+00   3.9185673e+02   4.3168326e+02
   3.0000000e+02   0.0000000e+00   0.0000000e+00   3.8410058e+02   5.6521050e+02
   4.0000000e+02   0.0000000e+00   0.0000000e+00   3.7454151e+02   7.1226039e+02
   5.0000000e+02   0.0000000e+00   0.0000000e+00   3.6434715e+02   8.7499633e+02
