   0.0000000e+00   5.0000000e+02   0.0000000e+00   8.5236249e+02   3.0797852e+02
   1.0000000e+02   5.0000000e+02   0.0000000e+00   8.4610597e+02   4.3241424e+02
   2.0000000e+02   5.0000000e+02   0.0000000e+00   8.4060590e+02   5.4373422e+02
   3.0000000e+02   5.0000000e+02   0.0000000e+00   8.3583302e+02   6.4546503e+02
   4.0000000e+02   5.0000000e+02   0.0000000e+00   8.3174547e+02   7.3849074e+02
   5.0000000e+02   5.0000000e+02   0.0000000e+00   8.2771291e+02   8.2329962e+02
   0.0000000e+00   4.0000000e+02   0.0000000e+00   7.1504905e+02   3.0891483e+02
   1.0000000e+02   4.0000000e+02   0.0000000e+00   7.1544513e+02   4.3030735e+02
   2.0000000e+02   4.0000000e+02   0.0000000e+00   7.1618210e+02   5.3854988e+02
   3.0000000e+02   4.0000000e+02   0.0000000e+00   7.1735003e+02   6.3784711e+02
   4.0000000e+02   4.0000000e+02   0.0000000e+00   7.1851574e+02   7.2917752e+02
   5.0000000e+02   4.0000000e+02   0.0000000e+00   7.1958341e+02   8.1321984e+02
   0.0000000e+00   3.0000000e+02   0.0000000e+00   5.8613467e+02   3.0995697e+02
   1.0000000e+02   3.0000000e+02   0.0000000e+00   5.9304702e+02   4.2817507e+02
   2.0000000e+02   3.0000000e+02   0.0000000e+00   5.9942919e+02   5.3363605e+02
   3.0000000e+02   3.0000000e+02   0.0000000e+00   6.0554218e+02   6.3069933e+02
   4.0000000e+02   3.0000000e+02   0.0000000e+00   6.1133203e+02   7.2038310e+02
   5.0000000e+02   3.0000000e+02   0.0000000e+00   6.1657435e+02   8.0326127e+02
   0.0000000e+00   2.0000000e+02   0.0000000e+00   4.6292786e+02   3.1027373e+02
   1.0000000e+02   2.0000000e+02   0.0000000e+00   4.7625169e+02   4.2592027e+02
   2.0000000e+02   2.0000000e+02   0.0000000e+00   4.8801637e+02   5.2923175e+02
   3.0000000e+02   2.0000000e+02   0.0000000e+00   4.9856242e+02   6.2425693e+02
   4.0000000e+02   2.0000000e+02   0.0000000e+00   5.0821107e+02   7.1215389e+02
   5.0000000e+02   2.0000000e+02   0.0000000e+00   5.1698565e+02   7.9369549e+02
   0.0000000e+00   1.0000000e+02   0.0000000e+00   3.4509489e+02   3.1011806e+02
   1.0000000e+02   1.0000000e+02   0.0000000e+00   3.6389351e+02   4.2321192e+02
   2.0000000e+02   1.0000000e+02   0.0000000e+00   3.8060414e+02   5.2471452e+02
   3.0000000e+02   1.0000000e+02   0.0000000e+00   3.9561835e+02   6.1838539e+02
   4.0000000e+02   1.0000000e+02   0.0000000e+00   4.0896226e+02   7.0470912e+02
   5.0000000e+02   1.0000000e+02   0.0000000e+00   4.2137015e+02   7.8470631e+02
   0.0000000e+00   0.0000000e+00   0.0000000e+00   2.3251383e+02   3.0987591e+02
   1.0000000e+02   0.0000000e+00   0.0000000e+00   2.5590803e+02   4.2061293e+02
   2.0000000e+02   0.0000000e+00   0.0000000e+00   2.7663596e+02   5.2054186e+02
   3.0000000e+02   0.0000000e+00   0.0000000e+00   2.9585029e+02   6.1273677e+02
   4.0000000e+02   0.0000000e+00   0.0000000e+00   3.1313155e+02   6.9781092e+02
   5.0000000e+02   0.0000000e+00   0.0000000e+00   3.2899015e+02   7.7663807e+02
