   0.0000000e+00   5.0000000e+02   0.0000000e+00   8.8455037e+02   2.1561184e+02
   1.0000000e+02   5.0000000e+02   0.0000000e+00   8.7388212e+02   3.5335286e+02
   2.0000000e+02   5.0000000e+02   0.0000000e+00   8.6357416e+02   4.8020224e+02
   3.0000000e+02   5.0000000e+02   0.0000000e+00   8.5420457e+02   5.9895152e+02
   4.0000000e+02   5.0000000e+02   0.0000000e+00   8.4564600e+02   7.0977447e+02
   5.0000000e+02   5.0000000e+02   0.0000000e+00   8.3758119e+02   8.1311656e+02
   0.0000000e+00   4.0000000e+02   0.0000000e+00   7.4566535e+02   2.1822980e+02
   1.0000000e+02   4.0000000e+02   0.0000000e+00   7.3952200e+02   3.5645783e+02
   2.0000000e+02   4.0000000e+02   0.0000000e+00   7.3377561e+02   4.8311331e+02
   3.0000000e+02   4.0000000e+02   0.0000000e+00   7.2896863e+02   6.0138807e+02
   4.0000000e+02   4.0000000e+02   0.0000000e+00   7.2491211e+02   7.1192822e+02
   5.0000000e+02   4.0000000e+02   0.0000000e+00   7.2140779e+02   8.1592030e+02
   0.0000000e+00   3.0000000e+02   0.0000000e+00   6.0745260e+02   2.2123662e+02
   1.0000000e+02   3.0000000e+02   0.0000000e+00   6.0671089e+02   3.5974443e+02
   2.0000000e+02   3.0000000e+02   0.0000000e+00   6.0614243e+02   4.8593597e+02
   3.0000000e+02   3.0000000e+02   0.0000000e+00   6.0574936e+02   6.0346419e+02
   4.0000000e+02   3.0000000e+02   0.0000000e+00   6.0575855e+02   7.1391616e+02
   5.0000000e+02   3.0000000e+02   0.0000000e+00   6.0567336e+02   8.1818334e+02
   0.0000000e+00   2.0000000e+02   0.0000000e+00   4.6837404e+02   2.2392181e+02
   1.0000000e+02   2.0000000e+02   0.0000000e+00   4.7364868e+02   3.6249827e+02
   2.0000000e+02   2.0000000e+02   0.0000000e+00   4.7832832e+02   4.8860130e+02
   3.0000000e+02   2.0000000e+02   0.0000000e+00   4.8243301e+02   6.0600092e+02
   4.0000000e+02   2.0000000e+02   0.0000000e+00   4.8605054e+02   7.1655038e+02
   5.0000000e+02   2.0000000e+02   0.0000000e+00   4.8940472e+02   8.2063681e+02
   0.0000000e+00   1.0000000e+02   0.0000000e+00   3.2867746e+02   2.2622399e+02
   1.0000000e+02   1.0000000e+02   0.0000000e+00   3.3961223e+02   3.6451013e+02
   2.0000000e+02   1.0000000e+02   0.0000000e+00   3.4948551e+02   4.9100394e+02
   3.0000000e+02   1.0000000e+02   0.0000000e+00   3.5823107e+02   6.0908548e+02
   4.0000000e+02   1.0000000e+02   0.0000000e+00   3.6571690e+02   7.1963090e+02
   5.0000000e+02   1.0000000e+02   0.0000000e+00   3.7274490e+02   8.2358674e+02
   0.0000000e+00   0.0000000e+00   0.0000000e+00   1.8948886e+02   2.2891941e+02
   1.0000000e+02   0.0000000e+00   0.0000000e+00   2.0510571e+02   3.6652205e+02
   2.0000000e+02   0.0000000e+00   0.0000000e+00   2.1909375e+02   4.9343407e+02
   3.0000000e+02   0.0000000e+00   0.0000000e+00   2.3239872e+02   6.1215105e+02
   4.0000000e+02   0.0000000e+00   0.0000000e+00   2.4442085e+02   7.2292060e+02
   5.0000000e+02   0.0000000e+00   0.0000000e+00   2.5581327e+02   8.2640774e+02
