   0.0000000e+00   5.0000000e+02   0.0000000e+00   8.1072869e+02   2.5424120e+02
   1.0000000e+02   5.0000000e+02   0.0000000e+00   8.2690033e+02   3.6590309e+02
   2.0000000e+02   5.0000000e+02   0.0000000e+00   8.4341011e+02   4.7772339e+02
   3.0000000e+02   5.0000000e+02   0.0000000e+00   8.6055597e+02   5.9158807e+02
   4.0000000e+02   5.0000000e+02   0.0000000e+00   8.7783224e+02   7.0706368e+02
   5.0000000e+02   5.0000000e+02   0.0000000e+00   8.9524348e+02   8.2296936e+02
   0.0000000e+00   4.0000000e+02   0.0000000e+00   7.2778930e+02   2.4832094e+02
   1.0000000e+02   4.0000000e+02   0.0000000e+00   7.4412061e+02   3.6641998e+02
   2.0000000e+02   4.0000000e+02   0.0000000e+00   7.6080821e+02   4.8434247e+02
   3.0000000e+02   4.0000000e+02   0.0000000e+00   7.7854813e+02   6.0442487e+02
   4.0000000e+02   4.0000000e+02   0.0000000e+00   7.9684073e+02   7.2657447e+02
   5.0000000e+02   4.0000000e+02   0.0000000e+00   8.1516611e+02   8.5037916e+02
   0.0000000e+00   3.0000000e+02   0.0000000e+00   6.3549607e+02   2.4150526e+02
   1.0000000e+02   3.0000000e+02   0.0000000e+00   6.5250833e+02   3.6690129e+02
   2.0000000e+02   3.0000000e+02   0.0000000e+00   6.6954190e+02   4.9162989e+02
   3.0000000e+02   3.0000000e+02   0.0000000e+00   6.8758915e+02   6.1851611e+02
   4.0000000e+02   3.0000000e+02   0.0000000e+00   7.0661197e+02   7.4836026e+02
   5.0000000e+02   3.0000000e+02   0.0000000e+00   7.2552053e+02   8.8028339e+02
   0.0000000e+00   2.0000000e+02   0.0000000e+00   5.3126410e+02   2.3361949e+02
   1.0000000e+02   2.0000000e+02   0.0000000e+00   5.4899107e+02   3.6719990e+02
   2.0000000e+02   2.0000000e+02   0.0000000e+00   5.6679838e+02   4.9975305e+02
   3.0000000e+02   2.0000000e+02   0.0000000e+00   5.8504967e+02   6.3460864e+02
   4.0000000e+02   2.0000000e+02   0.0000000e+00   6.0412294e+02   7.7326328e+02
   5.0000000e+02   2.0000000e+02   0.0000000e+00   6.2332385e+02   9.1435637e+02
   0.0000000e+00   1.0000000e+02   0.0000000e+00   4.1265324e+02   2.2430632e+02
   1.0000000e+02   1.0000000e+02   0.0000000e+00   4.3150937e+02   3.6692604e+02
   2.0000000e+02   1.0000000e+02   0.0000000e+00   4.5018088e+02   5.0859312e+02
   3.0000000e+02   1.0000000e+02   0.0000000e+00   4.6863808e+02   6.5350081e+02
   4.0000000e+02   1.0000000e+02   0.0000000e+00   4.8737253e+02   8.0212237e+02
   5.0000000e+02   1.0000000e+02   0.0000000e+00   5.0655982e+02   9.5299433e+02
   0.0000000e+00   0.0000000e+00   0.0000000e+00   2.7669757e+02   2.1351036e+02
   1.0000000e+02   0.0000000e+00   0.0000000e+00   2.9581058e+02   3.6611504e+02
   2.0000000e+02   0.0000000e+00   0.0000000e+00   3.1468063e+02   5.1933702e+02
   3.0000000e+02   0.0000000e+00   0.0000000e+00   3.3352065e+02   6.7566131e+02
   4.0000000e+02   0.0000000e+00   0.0000000e+00   3.5233513e+02   8.3565124e+02
   5.0000000e+02   0.0000000e+00   0.0000000e+00   3.7237586e+02   9.9724628e+02
