   0.0000000e+00   5.0000000e+02   0.0000000e+00   9.2141186e+02   2.8324962e+02
   1.0000000e+02   5.0000000e+02   0.0000000e+00   8.7924970e+02   4.0027848e+02
   2.0000000e+02   5.0000000e+02   0.0000000e+00   8.4132221e+02   5.0456915e+02
   3.0000000e+02   5.0000000e+02   0.0000000e+00   8.0646874e+02   5.9930639e+02
   4.0000000e+02   5.0000000e+02   0.0000000e+00   7.7535948e+02   6.8538942e+02
   5.0000000e+02   5.0000000e+02   0.0000000e+00   7.4753142e+02   7.6333933e+02
   0.0000000e+00   4.0000000e+02   0.0000000e+00   8.2872773e+02   2.9047483e+02
   1.0000000e+02   4.0000000e+02   0.0000000e+00   7.8867968e+02   4.1413609e+02
   2.0000000e+02   4.0000000e+02   0.0000000e+00   7.5334970e+02   5.2332820e+02
   3.0000000e+02   4.0000000e+02   0.0000000e+00   7.2186550e+02   6.2152043e+02
   4.0000000e+02   4.0000000e+02   0.0000000e+00   6.9366433e+02   7.1060236e+02
   5.0000000e+02   4.0000000e+02   0.0000000e+00   6.6852922e+02   7.9192349e+02
   0.0000000e+00   3.0000000e+02   0.0000000e+00   7.2430032e+02   2.9918838e+02
   1.0000000e+02   3.0000000e+02   0.0000000e+00   6.8814825e+02   4.2993592e+02
   2.0000000e+02   3.0000000e+02   0.0000000e+00   6.5679508e+02   5.4375919e+02
   3.0000000e+02   3.0000000e+02   0.0000000e+00   6.2922796e+02   6.4629665e+02
   4.0000000e+02   3.0000000e+02   0.0000000e+00   6.0441098e+02   7.3880584e+02
   5.0000000e+02   3.0000000e+02   0.0000000e+00   5.8173494e+02   8.2316216e+02
   0.0000000e+00   2.0000000e+02   0.0000000e+00   6.0471216e+02   3.0925202e+02
   1.0000000e+02   2.0000000e+02   0.0000000e+00   5.7464025e+02   4.4757355e+02
   2.0000000e+02   2.0000000e+02   0.0000000e+00   5.4864920e+02   5.6715805e+02
   3.0000000e+02   2.0000000e+02   0.0000000e+00   5.2543740e+02   6.7418875e+02
   4.0000000e+02   2.0000000e+02   0.0000000e+00   5.0441077e+02   7.7094756e+02
   5.0000000e+02   2.0000000e+02   0.0000000e+00   4.8557177e+02   8.5810669e+02
   0.0000000e+00   1.0000000e+02   0.0000000e+00   4.6785798e+02   3.2019157e+02
   1.0000000e+02   1.0000000e+02   0.0000000e+00   4.4585726e+02   4.6725404e+02
   2.0000000e+02   1.0000000e+02   0.0000000e+00   4.2599693e+02   5.9350383e+02
   3.0000000e+02   1.0000000e+02   0.0000000e+00   4.0826000e+02   7.0641177e+02
   4.0000000e+02   1.0000000e+02   0.0000000e+00   3.9234816e+02   8.0729247e+02
   5.0000000e+02   1.0000000e+02   0.0000000e+00   3.7829554e+02   8.9681905e+02
   0.0000000e+00   0.0000000e+00   0.0000000e+00   3.0832845e+02   3.3199821e+02
   1.0000000e+02   0.0000000e+00   0.0000000e+00   2.9619963e+02   4.8964805e+02
   2.0000000e+02   0.0000000e+00   0.0000000e+00   2.8449900e+02   6.2451654e+02
   3.0000000e+02   0.0000000e+00   0.0000000e+00   2.7456324e+02   7.4315510e+02
   4.0000000e+02   0.0000000e+00   0.0000000e+00   2.6610966e+02   8.4742024e+02
   5.0000000e+02   0.0000000e+00   0.0000000e+00   2.5916269e+02   9.3911453e+02
