   0.0000000e+00   5.0000000e+02   0.0000000e+00   9.4049737e+02   2.0192216e+02
   1.0000000e+02   5.0000000e+02   0.0000000e+00   9.4331364e+02   3.6038454e+02
   2.0000000e+02   5.0000000e+02   0.0000000e+00   9.4563589e+02   5.1877800e+02
   3.0000000e+02   5.0000000e+02   0.0000000e+00   9.4776799e+02   6.7925498e+02
   4.0000000e+02   5.0000000e+02   0.0000000e+00   9.4932475e+02   8.3985946e+02
   5.0000000e+02   5.0000000e+02   0.0000000e+00   9.5099427e+02   1.0007240e+03
   0.0000000e+00   4.0000000e+02   0.0000000e+00   7.8159129e+02   2.0316578e+02
   1.0000000e+02   4.0000000e+02   0.0000000e+00   7.8308909e+02   3.6216707e+02
   2.0000000e+02   4.0000000e+02   0.0000000e+00   7.8451330e+02   5.2016612e+02
   3.0000000e+02   4.0000000e+02   0.0000000e+00   7.8680344e+02   6.8002488e+02
   4.0000000e+02   4.0000000e+02   0.0000000e+00   7.8893391e+02   8.4145121e+02
   5.0000000e+02   4.0000000e+02   0.0000000e+00   7.9015050e+02   1.0023068e+03
   0.0000000e+00   3.0000000e+02   0.0000000e+00   6.2359523e+02   2.0503529e+02
   1.0000000e+02   3.0000000e+02   0.0000000e+00   6.2462800e+02   3.6436685e+02
   2.0000000e+02   3.0000000e+02   0.0000000e+00   6.2570548e+02   5.2143157e+02
   3.0000000e+02   3.0000000e+02   0.0000000e+00   6.2749335e+02   6.8026477e+02
   4.0000000e+02   3.0000000e+02   0.0000000e+00   6.2938523e+02   8.4220075e+02
   5.0000000e+02   3.0000000e+02   0.0000000e+00   6.3058964e+02   1.0036123e+03
   0.0000000e+00   2.0000000e+02   0.0000000e+00   4.6510641e+02   2.0659678e+02
   1.0000000e+02   2.0000000e+02   0.0000000e+00   4.6659779e+02   3.6567037e+02
   2.0000000e+02   2.0000000e+02   0.0000000e+00   4.6795913e+02   5.2260992e+02
   3.0000000e+02   2.0000000e+02   0.0000000e+00   4.6867113e+02   6.8138771e+02
   4.0000000e+02   2.0000000e+02   0.0000000e+00   4.6901194e+02   8.4288335e+02
   5.0000000e+02   2.0000000e+02   0.0000000e+00   4.6975918e+02   1.0044295e+03
   0.0000000e+00   1.0000000e+02   0.0000000e+00   3.0644717e+02   2.0768630e+02
   1.0000000e+02   1.0000000e+02   0.0000000e+00   3.0767017e+02   3.6625119e+02
   2.0000000e+02   1.0000000e+02   0.0000000e+00   3.0879341e+02   5.2365224e+02
   3.0000000e+02   1.0000000e+02   0.0000000e+00   3.0878939e+02   6.8316588e+02
   4.0000000e+02   1.0000000e+02   0.0000000e+00   3.0868068e+02   8.4414163e+02
   5.0000000e+02   1.0000000e+02   0.0000000e+00   3.0950798e+02   1.0045043e+03
   0.0000000e+00   0.0000000e+00   0.0000000e+00   1.4921941e+02   2.0960904e+02
   1.0000000e+02   0.0000000e+00   0.0000000e+00   1.4885594e+02   3.6718366e+02
   2.0000000e+02   0.0000000e+00   0.0000000e+00   1.4853307e+02   5.2479864e+02
   3.0000000e+02   0.0000000e+00   0.0000000e+00   1.4864122e+02   6.8446742e+02
   4.0000000e+02   0.0000000e+00   0.0000000e+00   1.4935326e+02   8.4444068e+02
   5.0000000e+02   0.0000000e+00   0.0000000e+00   1.4982918e+02   1.0046630e+03
