   0.0000000e+00   5.0000000e+02   0.0000000e+00   8.9446740e+02   2.3671186e+02
   1.0000000e+02   5.0000000e+02   0.0000000e+00   9.0325786e+02   3.6019265e+02
   2.0000000e+02   5.0000000e+02   0.0000000e+00   9.1196720e+02   4.8455437e+02
   3.0000000e+02   5.0000000e+02   0.0000000e+00   9.2080453e+02   6.1213878e+02
   4.0000000e+02   5.0000000e+02   0.0000000e+00   9.2987099e+02   7.4163477e+02
   5.0000000e+02   5.0000000e+02   0.0000000e+00   9.3838457e+02   8.7257027e+02
   0.0000000e+00   4.0000000e+02   0.0000000e+00   7.8294401e+02   2.2972236e+02
   1.0000000e+02   4.0000000e+02   0.0000000e+00   7.9059281e+02   3.5731920e+02
   2.0000000e+02   4.0000000e+02   0.0000000e+00   7.9829687e+02   4.8579089e+02
   3.0000000e+02   4.0000000e+02   0.0000000e+00   8.0664980e+02   6.1726626e+02
   4.0000000e+02   4.0000000e+02   0.0000000e+00   8.1559543e+02   7.5147342e+02
   5.0000000e+02   4.0000000e+02   0.0000000e+00   8.2416556e+02   8.8774881e+02
   0.0000000e+00   3.0000000e+02   0.0000000e+00   6.6488782e+02   2.2259658e+02
   1.0000000e+02   3.0000000e+02   0.0000000e+00   6.7149704e+02   3.5484434e+02
   2.0000000e+02   3.0000000e+02   0.0000000e+00   6.7820710e+02   4.8714094e+02
   3.0000000e+02   3.0000000e+02   0.0000000e+00   6.8577593e+02   6.2236546e+02
   4.0000000e+02   3.0000000e+02   0.0000000e+00   6.9402402e+02   7.6136573e+02
   5.0000000e+02   3.0000000e+02   0.0000000e+00   7.0210509e+02   9.0313330e+02
   0.0000000e+00   2.0000000e+02   0.0000000e+00   5.3771234e+02   2.1469796e+02
   1.0000000e+02   2.0000000e+02   0.0000000e+00   5.4405286e+02   3.5168267e+02
   2.0000000e+02   2.0000000e+02   0.0000000e+00   5.5034367e+02   4.8851615e+02
   3.0000000e+02   2.0000000e+02   0.0000000e+00   5.5671137e+02   6.2810640e+02
   4.0000000e+02   2.0000000e+02   0.0000000e+00   5.6337231e+02   7.7207200e+02
   5.0000000e+02   2.0000000e+02   0.0000000e+00   5.7024239e+02   9.1959279e+02
   0.0000000e+00   1.0000000e+02   0.0000000e+00   4.0140322e+02   2.0582353e+02
   1.0000000e+02   1.0000000e+02   0.0000000e+00   4.0734664e+02   3.4746631e+02
   2.0000000e+02   1.0000000e+02   0.0000000e+00   4.1300493e+02   4.8955596e+02
   3.0000000e+02   1.0000000e+02   0.0000000e+00   4.1820326e+02   6.3475175e+02
   4.0000000e+02   1.0000000e+02   0.0000000e+00   4.2283328e+02   7.8440525e+02
   5.0000000e+02   1.0000000e+02   0.0000000e+00   4.2810221e+02   9.3715583e+02
   0.0000000e+00   0.0000000e+00   0.0000000e+00   2.5531669e+02   1.9634961e+02
   1.0000000e+02   0.0000000e+00   0.0000000e+00   2.5940809e+02   3.4254180e+02
   2.0000000e+02   0.0000000e+00   0.0000000e+00   2.6335844e+02   4.9055054e+02
   3.0000000e+02   0.0000000e+00   0.0000000e+00   2.6721151e+02   6.4243932e+02
   4.0000000e+02   0.0000000e+00   0.0000000e+00   2.7076549e+02   7.9770232e+02
   5.0000000e+02   0.0000000e+00   0.0000000e+00   2.7527042e+02   9.5558570e+02
