   0.0000000e+00   5.0000000e+02   0.0000000e+00   7.6611787e+02   2.1047232e+02
   1.0000000e+02   5.0000000e+02   0.0000000e+00   7.5583301e+02   3.6772232e+02
   2.0000000e+02   5.0000000e+02   0.0000000e+00   7.4553611e+02   5.2338696e+02
   3.0000000e+02   5.0000000e+02   0.0000000e+00   7.3591780e+02   6.7997995e+02
   4.0000000e+02   5.0000000e+02   0.0000000e+00   7.2670983e+02   8.3773391e+02
   5.0000000e+02   5.0000000e+02   0.0000000e+00   7.1649184e+02   9.9430543e+02
   0.0000000e+00   4.0000000e+02   0.0000000e+00   6.3236935e+02   2.2651196e+02
   1.0000000e+02   4.0000000e+02   0.0000000e+00   6.2271474e+02   3.7283260e+02
   2.0000000e+02   4.0000000e+02   0.0000000e+00   6.1335666e+02   5.1648014e+02
   3.0000000e+02   4.0000000e+02   0.0000000e+00   6.0440946e+02   6.6114394e+02
   4.0000000e+02   4.0000000e+02   0.0000000e+00   5.9541573e+02   8.0776610e+02
   5.0000000e+02   4.0000000e+02   0.0000000e+00   5.8594109e+02   9.5445217e+02
   0.0000000e+00   3.0000000e+02   0.0000000e+00   5.1759251e+02   2.4025535e+02
   1.0000000e+02   3.0000000e+02   0.0000000e+00   5.0924965e+02   3.7676886e+02
   2.0000000e+02   3.0000000e+02   0.0000000e+00   5.0070248e+02   5.1063389e+02
   3.0000000e+02   3.0000000e+02   0.0000000e+00   4.9186582e+02   6.4532587e+02
   4.0000000e+02   3.0000000e+02   0.0000000e+00   4.8282277e+02   7.8195948e+02
   5.0000000e+02   3.0000000e+02   0.0000000e+00   4.7366815e+02   9.1938269e+02
   0.0000000e+00   2.0000000e+02   0.0000000e+00   4.1635894e+02   2.5180821e+02
   1.0000000e+02   2.0000000e+02   0.0000000e+00   4.0879789e+02   3.7958342e+02
   2.0000000e+02   2.0000000e+02   0.0000000e+00   4.0121352e+02   5.0547071e+02
   3.0000000e+02   2.0000000e+02   0.0000000e+00   3.9271813e+02   6.3200303e+02
   4.0000000e+02   2.0000000e+02   0.0000000e+00   3.8354881e+02   7.5992985e+02
   5.0000000e+02   2.0000000e+02   0.0000000e+00   3.7477647e+02   8.8819247e+02
   0.0000000e+00   1.0000000e+02   0.0000000e+00   3.2683855e+02   2.6176767e+02
   1.0000000e+02   1.0000000e+02   0.0000000e+00   3.1984872e+02   3.8203355e+02
   2.0000000e+02   1.0000000e+02   0.0000000e+00   3.1228018e+02   5.0057667e+02
   3.0000000e+02   1.0000000e+02   0.0000000e+00   3.0431785e+02   6.2017590e+02
   4.0000000e+02   1.0000000e+02   0.0000000e+00   2.9579224e+02   7.4029299e+02
   5.0000000e+02   1.0000000e+02   0.0000000e+00   2.8755559e+02   8.6084102e+02
   0.0000000e+00   0.0000000e+00   0.0000000e+00   2.4755844e+02   2.7085641e+02
   1.0000000e+02   0.0000000e+00   0.0000000e+00   2.4051057e+02   3.8426456e+02
   2.0000000e+02   0.0000000e+00   0.0000000e+00   2.3296063e+02   4.9656302e+02
   3.0000000e+02   0.0000000e+00   0.0000000e+00   2.2541428e+02   6.0960285e+02
   4.0000000e+02   0.0000000e+00   0.0000000e+00   2.1766866e+02   7.2304948e+02
   5.0000000e+02   0.0000000e+00   0.0000000e+00   2.1016425e+02   8.3646523e+02
