   0.0000000e+00   5.0000000e+02   0.0000000e+00   9.4022464e+02   3.0973879e+02
   1.0000000e+02   5.0000000e+02   0.0000000e+00   9.0148698e+02   4.3047278e+02
   2.0000000e+02   5.0000000e+02   0.0000000e+00   8.6669801e+02   5.3758574e+02
   3.0000000e+02   5.0000000e+02   0.0000000e+00   8.3498795e+02   6.3466629e+02
   4.0000000e+02   5.0000000e+02   0.0000000e+00   8.0691140e+02   7.2246123e+02
   5.0000000e+02   5.0000000e+02   0.0000000e+00   7.8127893e+02   8.0238860e+02
   0.0000000e+00   4.0000000e+02   0.0000000e+00   8.2495594e+02   3.1191722e+02
   1.0000000e+02   4.0000000e+02   0.0000000e+00   7.9065043e+02   4.3734786e+02
   2.0000000e+02   4.0000000e+02   0.0000000e+00   7.6034653e+02   5.4798490e+02
   3.0000000e+02   4.0000000e+02   0.0000000e+00   7.3356171e+02   6.4763676e+02
   4.0000000e+02   4.0000000e+02   0.0000000e+00   7.0961361e+02   7.3773139e+02
   5.0000000e+02   4.0000000e+02   0.0000000e+00   6.8810803e+02   8.1993987e+02
   0.0000000e+00   3.0000000e+02   0.0000000e+00   7.0025279e+02   3.1464358e+02
   1.0000000e+02   3.0000000e+02   0.0000000e+00   6.7192491e+02   4.4513514e+02
   2.0000000e+02   3.0000000e+02   0.0000000e+00   6.4770956e+02   5.5885069e+02
   3.0000000e+02   3.0000000e+02   0.0000000e+00   6.2618903e+02   6.6132109e+02
   4.0000000e+02   3.0000000e+02   0.0000000e+00   6.0681731e+02   7.5411871e+02
   5.0000000e+02   3.0000000e+02   0.0000000e+00   5.8923559e+02   8.3841435e+02
   0.0000000e+00   2.0000000e+02   0.0000000e+00   5.6369455e+02   3.1763516e+02
   1.0000000e+02   2.0000000e+02   0.0000000e+00   5.4363200e+02   4.5328005e+02
   2.0000000e+02   2.0000000e+02   0.0000000e+00   5.2620176e+02   5.7080227e+02
   3.0000000e+02   2.0000000e+02   0.0000000e+00   5.1039496e+02   6.7656310e+02
   4.0000000e+02   2.0000000e+02   0.0000000e+00   4.9590805e+02   7.7201559e+02
   5.0000000e+02   2.0000000e+02   0.0000000e+00   4.8320396e+02   8.5859800e+02
   0.0000000e+00   1.0000000e+02   0.0000000e+00   4.1437525e+02   3.2022068e+02
   1.0000000e+02   1.0000000e+02   0.0000000e+00   4.0375431e+02   4.6164090e+02
   2.0000000e+02   1.0000000e+02   0.0000000e+00   3.9391342e+02   5.8409183e+02
   3.0000000e+02   1.0000000e+02   0.0000000e+00   3.8464807e+02   6.9380287e+02
   4.0000000e+02   1.0000000e+02   0.0000000e+00   3.7638471e+02   7.9216893e+02
   5.0000000e+02   1.0000000e+02   0.0000000e+00   3.6895740e+02   8.8027102e+02
   0.0000000e+00   0.0000000e+00   0.0000000e+00   2.4924483e+02   3.2237863e+02
   1.0000000e+02   0.0000000e+00   0.0000000e+00   2.4923561e+02   4.7065328e+02
   2.0000000e+02   0.0000000e+00   0.0000000e+00   2.4820534e+02   5.9880086e+02
   3.0000000e+02   0.0000000e+00   0.0000000e+00   2.4744569e+02   7.1258622e+02
   4.0000000e+02   0.0000000e+00   0.0000000e+00   2.4690856e+02   8.1342180e+02
   5.0000000e+02   0.0000000e+00   0.0000000e+00   2.4681792e+02   9.0291804e+02
