   0.0000000e+00   5.0000000e+02   0.0000000e+00   9.0546241e+02   2.0401722e+02
   1.0000000e+02   5.0000000e+02   0.0000000e+00   9.0524847e+02   3.2963678e+02
   2.0000000e+02   5.0000000e+02   0.0000000e+00   9.0474450e+02   4.4778942e+02
   3.0000000e+02   5.0000000e+02   0.0000000e+00   9.0432604e+02   5.6051027e+02
   4.0000000e+02   5.0000000e+02   0.0000000e+00   9.0407343e+02   6.6733015e+02
   5.0000000e+02   5.0000000e+02   0.0000000e+00   9.0366528e+02   7.6844655e+02
   0.0000000e+00   4.0000000e+02   0.0000000e+00   7.9331789e+02   2.1510897e+02
   1.0000000e+02   4.0000000e+02   0.0000000e+00   7.9574122e+02   3.4421109e+02
   2.0000000e+02   4.0000000e+02   0.0000000e+00   7.9791342e+02   4.6502950e+02
   3.0000000e+02   4.0000000e+02   0.0000000e+00   8.0044648e+02   5.7977960e+02
   4.0000000e+02   4.0000000e+02   0.0000000e+00   8.0325106e+02   6.8879477e+02
   5.0000000e+02   4.0000000e+02   0.0000000e+00   8.0595699e+02   7.9241253e+02
   0.0000000e+00   3.0000000e+02   0.0000000e+00   6.7529842e+02   2.2702392e+02
   1.0000000e+02   3.0000000e+02   0.0000000e+00   6.8110082e+02   3.5984292e+02
   2.0000000e+02   3.0000000e+02   0.0000000e+00   6.8643904e+02   4.8312556e+02
   3.0000000e+02   3.0000000e+02   0.0000000e+00   6.9225361e+02   5.9984778e+02
   4.0000000e+02   3.0000000e+02   0.0000000e+00   6.9813760e+02   7.1097570e+02
   5.0000000e+02   3.0000000e+02   0.0000000e+00   7.0378509e+02   8.1698230e+02
   0.0000000e+00   2.0000000e+02   0.0000000e+00   5.4948594e+02   2.4004729e+02
   1.0000000e+02   2.0000000e+02   0.0000000e+00   5.5975719e+02   3.7636229e+02
   2.0000000e+02   2.0000000e+02   0.0000000e+00   5.6926545e+02   5.0210988e+02
   3.0000000e+02   2.0000000e+02   0.0000000e+00   5.7837350e+02   6.2111689e+02
   4.0000000e+02   2.0000000e+02   0.0000000e+00   5.8730350e+02   7.3466433e+02
   5.0000000e+02   2.0000000e+02   0.0000000e+00   5.9568179e+02   8.4298874e+02
   0.0000000e+00   1.0000000e+02   0.0000000e+00   4.1605915e+02   2.5297499e+02
   1.0000000e+02   1.0000000e+02   0.0000000e+00   4.3160627e+02   3.9296758e+02
   2.0000000e+02   1.0000000e+02   0.0000000e+00   4.4559809e+02   5.2181249e+02
   3.0000000e+02   1.0000000e+02   0.0000000e+00   4.5848984e+02   6.4395633e+02
   4.0000000e+02   1.0000000e+02   0.0000000e+00   4.7044414e+02   7.6041199e+02
   5.0000000e+02   1.0000000e+02   0.0000000e+00   4.8178445e+02   8.7081893e+02
   0.0000000e+00   0.0000000e+00   0.0000000e+00   2.7414232e+02   2.6654106e+02
   1.0000000e+02   0.0000000e+00   0.0000000e+00   2.9477239e+02   4.1016400e+02
   2.0000000e+02   0.0000000e+00   0.0000000e+00   3.1316497e+02   5.4319945e+02
   3.0000000e+02   0.0000000e+00   0.0000000e+00   3.3037411e+02   6.6881149e+02
   4.0000000e+02   0.0000000e+00   0.0000000e+00   3.4617121e+02   7.8790273e+02
   5.0000000e+02   0.0000000e+00   0.0000000e+00   3.6161053e+02   9.0023677e+02
