   0.0000000e+00   5.0000000e+02   0.0000000e+00   9.1240499e+02   4.1299368e+02
   1.0000000e+02   5.0000000e+02   0.0000000e+00   8.5384811e+02   5.1482474e+02
   2.0000000e+02   5.0000000e+02   0.0000000e+00   8.0164999e+02   6.0534112e+02
   3.0000000e+02   5.0000000e+02   0.0000000e+00   7.5461209e+02   6.8745984e+02
   4.0000000e+02   5.0000000e+02   0.0000000e+00   7.1231881e+02   7.6198079e+02
   5.0000000e+02   5.0000000e+02   0.0000000e+00   6.7391364e+02   8.2961167e+02
   0.0000000e+00   4.0000000e+02   0.0000000e+00   8.1990934e+02   4.1238731e+02
   1.0000000e+02   4.0000000e+02   0.0000000e+00   7.6313702e+02   5.2000635e+02
   2.0000000e+02   4.0000000e+02   0.0000000e+00   7.1324759e+02   6.1475687e+02
   3.0000000e+02   4.0000000e+02   0.0000000e+00   6.6885590e+02   7.0073532e+02
   4.0000000e+02   4.0000000e+02   0.0000000e+00   6.2884726e+02   7.7824172e+02
   5.0000000e+02   4.0000000e+02   0.0000000e+00   5.9286362e+02   8.4892325e+02
   0.0000000e+00   3.0000000e+02   0.0000000e+00   7.1592904e+02   4.1209432e+02
   1.0000000e+02   3.0000000e+02   0.0000000e+00   6.6249004e+02   5.2585597e+02
   2.0000000e+02   3.0000000e+02   0.0000000e+00   6.1632551e+02   6.2536244e+02
   3.0000000e+02   3.0000000e+02   0.0000000e+00   5.7473182e+02   7.1549940e+02
   4.0000000e+02   3.0000000e+02   0.0000000e+00   5.3758682e+02   7.9663459e+02
   5.0000000e+02   3.0000000e+02   0.0000000e+00   5.0352592e+02   8.7019336e+02
   0.0000000e+00   2.0000000e+02   0.0000000e+00   5.9768037e+02   4.1151309e+02
   1.0000000e+02   2.0000000e+02   0.0000000e+00   5.4922102e+02   5.3253643e+02
   2.0000000e+02   2.0000000e+02   0.0000000e+00   5.0707442e+02   6.3791252e+02
   3.0000000e+02   2.0000000e+02   0.0000000e+00   4.6904344e+02   7.3266407e+02
   4.0000000e+02   2.0000000e+02   0.0000000e+00   4.3485148e+02   8.1774700e+02
   5.0000000e+02   2.0000000e+02   0.0000000e+00   4.0463519e+02   8.9381025e+02
   0.0000000e+00   1.0000000e+02   0.0000000e+00   4.6219919e+02   4.1050816e+02
   1.0000000e+02   1.0000000e+02   0.0000000e+00   4.1978841e+02   5.4023271e+02
   2.0000000e+02   1.0000000e+02   0.0000000e+00   3.8257103e+02   6.5242098e+02
   3.0000000e+02   1.0000000e+02   0.0000000e+00   3.4941935e+02   7.5261263e+02
   4.0000000e+02   1.0000000e+02   0.0000000e+00   3.2026390e+02   8.4137114e+02
   5.0000000e+02   1.0000000e+02   0.0000000e+00   2.9449860e+02   9.1958455e+02
   0.0000000e+00   0.0000000e+00   0.0000000e+00   3.0350647e+02   4.0851037e+02
   1.0000000e+02   0.0000000e+00   0.0000000e+00   2.6933425e+02   5.4909257e+02
   2.0000000e+02   0.0000000e+00   0.0000000e+00   2.3927369e+02   6.6934702e+02
   3.0000000e+02   0.0000000e+00   0.0000000e+00   2.1354302e+02   7.7482123e+02
   4.0000000e+02   0.0000000e+00   0.0000000e+00   1.9163803e+02   8.6681697e+02
   5.0000000e+02   0.0000000e+00   0.0000000e+00   1.7260763e+02   9.4772620e+02
