   0.0000000e+00   5.0000000e+02   0.0000000e+00   8.7028847e+02   2.2152819e+02
   1.0000000e+02   5.0000000e+02   0.0000000e+00   8.8236952e+02   3.3740602e+02
   2.0000000e+02   5.0000000e+02   0.0000000e+00   8.9487385e+02   4.5940989e+02
   3.0000000e+02   5.0000000e+02   0.0000000e+00   9.0839923e+02   5.8969727e+02
   4.0000000e+02   5.0000000e+02   0.0000000e+00   9.2259690e+02   7.2847871e+02
   5.0000000e+02   5.0000000e+02   0.0000000e+00   9.3716744e+02   8.7535550e+02
   0.0000000e+00   4.0000000e+02   0.0000000e+00   7.4449918e+02   2.2344337e+02
   1.0000000e+02   4.0000000e+02   0.0000000e+00   7.5248807e+02   3.3982850e+02
   2.0000000e+02   4.0000000e+02   0.0000000e+00   7.6067465e+02   4.6175111e+02
   3.0000000e+02   4.0000000e+02   0.0000000e+00   7.7020019e+02   5.9175192e+02
   4.0000000e+02   4.0000000e+02   0.0000000e+00   7.8064178e+02   7.3066222e+02
   5.0000000e+02   4.0000000e+02   0.0000000e+00   7.9138499e+02   8.7882521e+02
   0.0000000e+00   3.0000000e+02   0.0000000e+00   6.1953343e+02   2.2586706e+02
   1.0000000e+02   3.0000000e+02   0.0000000e+00   6.2382228e+02   3.4252525e+02
   2.0000000e+02   3.0000000e+02   0.0000000e+00   6.2829862e+02   4.6422323e+02
   3.0000000e+02   3.0000000e+02   0.0000000e+00   6.3349506e+02   5.9352240e+02
   4.0000000e+02   3.0000000e+02   0.0000000e+00   6.3957399e+02   7.3227930e+02
   5.0000000e+02   3.0000000e+02   0.0000000e+00   6.4592298e+02   8.8135817e+02
   0.0000000e+00   2.0000000e+02   0.0000000e+00   4.9369542e+02   2.2781995e+02
   1.0000000e+02   2.0000000e+02   0.0000000e+00   4.9509067e+02   3.4471914e+02
   2.0000000e+02   2.0000000e+02   0.0000000e+00   4.9630697e+02   4.6640893e+02
   3.0000000e+02   2.0000000e+02   0.0000000e+00   4.9734448e+02   5.9551766e+02
   4.0000000e+02   2.0000000e+02   0.0000000e+00   4.9815933e+02   7.3433143e+02
   5.0000000e+02   2.0000000e+02   0.0000000e+00   4.9906543e+02   8.8383572e+02
   0.0000000e+00   1.0000000e+02   0.0000000e+00   3.6774988e+02   2.2918161e+02
   1.0000000e+02   1.0000000e+02   0.0000000e+00   3.6565508e+02   3.4599799e+02
   2.0000000e+02   1.0000000e+02   0.0000000e+00   3.6343345e+02   4.6810284e+02
   3.0000000e+02   1.0000000e+02   0.0000000e+00   3.6023201e+02   5.9799856e+02
   4.0000000e+02   1.0000000e+02   0.0000000e+00   3.5607376e+02   7.3733621e+02
   5.0000000e+02   1.0000000e+02   0.0000000e+00   3.5200746e+02   8.8636575e+02
   0.0000000e+00   0.0000000e+00   0.0000000e+00   2.4180918e+02   2.3065675e+02
   1.0000000e+02   0.0000000e+00   0.0000000e+00   2.3562685e+02   3.4727207e+02
   2.0000000e+02   0.0000000e+00   0.0000000e+00   2.2869201e+02   4.6964517e+02
   3.0000000e+02   0.0000000e+00   0.0000000e+00   2.2132698e+02   6.0056017e+02
   4.0000000e+02   0.0000000e+00   0.0000000e+00   2.1310353e+02   7.4008943e+02
   5.0000000e+02   0.0000000e+00   0.0000000e+00   2.0509165e+02   8.8830035e+02
